521
737
740
660
411
678
626
513
859
136
811
76
636
973
938
899
280
883
761
319
549
174
371
527
210
235
101
986
902
947
346
139
621
499
370
198
687
584
901
59
328
96
312
974
299
277
924
601
439
837
570
879
261
578
23
30
617
10
221
820
296
54
542
209
604
692
662
866
70
543
107
493
590
741
292
289
652
39
589
307
679
66
275
67
318
548
998
714
753
327
382
451
522
218
787
436
764
88
63
826
716
351
936
256
635
644
554
959
168
917
528
823
985
816
86
432
184
978
534
294
892
425
713
260
237
559
583
445
867
800
599
849
265
995
529
55
120
215
25
72
44
247
721
281
893
914
810
244
822
321
643
158
977
429
941
462
309
697
60
884
595
767
649
650
865
668
298
689
314
310
361
479
110
989
486
363
254
259
802
677
494
670
377
526
845
137
355
365
942
749
948
829
656
199
213
408
332
208
613
78
29
535
695
557
836
596
165
918
495
824
65
141
925
827
655
331
664
249
907
708
305
734
975
49
896
2
544
350
904
536
344
994
481
575
33
31
231
963
192
333
3
204
514
799
306
109
430
77
84
286
82
991
789
894
398
323
519
916
922
5
731
465
97
266
357
868
798
380
631
381
490
118
900
250
523
9
196
603
81
783
587
797
239
290
211
717
359
449
227
950
946
796
501
464
362
468
935
428
7
155
541
440
482
422
778
949
334
576
934
567
594
530
581
707
448
453
228
352
728
212
79
148
302
628
777
506
342
485
711
133
703
311
722
629
0
316
706
547
872
532
477
404
172
125
394
420
552
903
90
939
181
274
895
69
291
131
300
424
326
144
423
580
135
450
164
28
773
193
388
852
169
705
140
173
6
745
478
73
910
813
238
145
792
234
220
923
500
132
990
774
185
41
696
108
588
56
405
442
757
997
24
467
539
531
618
694
926
338
51
507
516
920
781
264
817
710
682
832
518
447
18
715
483
568
433
367
83
61
638
272
285
360
354
456
278
12
182
368
881
615
223
572
970
653
545
582
633
176
665
673
585
873
393
163
248
634
885
669
375
412
74
113
598
961
390
104
114
417
525
457
409
92
930
89
336
988
921
933
605
593
611
94
11
396
533
43
42
329
167
497
876
597
756
100
426
178
444
416
870
882
680
177
395
911
793
960
684
383
956
751
257
538
335
15
324
758
222
179
983
22
356
666
861
340
431
551
833
203
630
93
558
68
622
284
844
434
153
75
730
446
188
271
236
487
117
943
512
825
591
126
116
473
693
57
863
912
369
268
46
349
195
999
834
736
263
443
675
304
341
966
149
124
786
50
353
927
142
470
399
625
320
19
809
790
808
407
537
620
38
175
245
828
667
754
858
154
287
602
569
743
17
127
322
255
657
964
190
115
616
606
180
301
759
712
723
685
979
517
984
45
909
157
851
171
16
511
48
971
940
515
952
480
283
718
877
225
26
954
437
951
364
229
37
965
374
469
967
850
704
841
194
854
864
503
969
830
579
968
162
908
152
801
993
755
111
226
688
103
421
419
750
586
780
672
119
53
151
403
945
207
658
843
762
8
807
36
452
651
253
303
746
571
623
732
891
262
610
297
414
150
788
640
889
550
886
488
147
146
720
931
739
659
348
463
325
186
123
853
608
143
958
197
609
279
293
400
122
183
202
438
246
415
932
765
906
835
887
129
637
402
784
770
735
913
219
641
915
752
806
919
624
874
760
386
972
509
267
819
441
496
112
691
232
869
607
671
373
981
842
233
785
676
317
648
410
898
709
358
258
744
627
632
282
376
384
224
953
814
472
347
505
639
987
928
905
619
855
803
645
846
556
957
577
795
85
242
698
159
524
35
540
170
654
890
857
847
944
733
95
563
240
742
574
690
460
553
888
206
392
794
397
766
848
217
4
768
642
929
612
738
546
725
683
98
804
727
573
406
502
47
32
779
839
200
134
27
880
230
489
772
378
288
418
674
391
592
498
138
62
471
647
128
976
520
838
962
64
812
14
156
40
492
379
187
763
216
791
52
878
337
748
719
724
295
701
251
726
461
455
996
815
862
269
201
161
555
729
401
702
476
821
771
105
565
389
1
937
982
561
80
205
34
775
508
427
454
366
91
339
897
564
345
776
241
13
315
600
387
273
166
840
992
646
818
484
980
504
831
243
566
875
562
686
189
782
699
475
681
510
58
474
560
856
747
252
21
313
459
160
276
955
191
385
805
413
491
343
769
308
661
130
663
871
99
372
87
458
330
214
466
121
614
20
700
71
106
270
860
435
102
